coords	R1	R2	R3	N
chr6_159711775	20.3187	18.5393	22.3058	0
chr20_61933231	58.3333	19.0476	62.5	0
chr1_13246759	73.3333	42.4242	25	0
chr2_232456516	5.20134	9.39227	2.80374	0
chr16_29613515	5.91716	6.23053	3.04183	0
chr19_3201680	45.6522	50	40.9091	0
chr11_2300420	50	55	41.9355	0
chr19_49426839	6.62252	11.5124	3.77834	0
chrUn_KI270751v1_149940	13.5593	15.1515	14.4068	0
chr21_46118396	58.6957	38.8889	63.6364	0
chr17_76948632	43.7198	43.75	50.5747	0
chr1_240207634	19.1489	15.2941	32.9412	0
chr9_114167914	40.8696	27.5862	50	0
chr16_2149787	62.7907	85.7143	66.6667	0
chr22_23161464	49.6815	25	31.7073	0
chr1_960766	2.7027	6.09756	0	0
chr15_52788891	6.5666	9.95671	0	0
chrX_120875324	3.2967	12.4183	0	0
chr22_48902041	55.5556	51.8519	37.8378	0
chr2_241755112	3.70844	7.14286	2.98507	0
chr19_37293721	11.1111	11.5702	8.33333	0
chr7_155806261	6.25	12.7592	0	0
chr11_842682	46.3235	42.0513	45.7944	0
chr19_1000167	42.8571	75.7576	16.129	0
chr2_240723434	2.72436	11.6105	0	0
chr8_143742521	2.72727	8.54197	4.15704	0
chr15_41842325	46.473	64.1509	55.1724	0
chr20_64084917	50	62.5	26.6667	0
chr8_22037506	48.855	32.2034	37.7778	0
chr19_54278869	62.1762	59.0361	53.6585	0
chr10_46550419	51.86	47.5524	48.8889	0
chr8_142345948	3.66972	17.4699	0	0
chr19_54770695	7.40741	12.8571	3.97351	0
chr19_41422747	47.4138	45.7143	73.8095	0
chr16_4381886	4.1041	9.13655	0	0
chr6_168059110	48.8616	44.2529	47.7064	0
chr19_40395697	46.8208	67.6471	50	0
chr3_52791512	54.5098	56.1404	64.8148	0
chr22_38992202	17.8571	5.97015	2.63158	0
chr8_143491505	47.619	64.2857	33.3333	0
chr3_52438128	4.27586	10.5105	0	0
chr19_44992410	50	59.375	55.7692	0
chr16_984798	5.76725	9.54879	0	0
